0,432
91,35
10,89
10,83
10,189
10,87
10,273
10,139
10,181
11,27
11,26
11,8
11,5
11,2
11,3
9,5
8,8
8,15
8,5
8,10
8,13
8,14
12,2
12,1
12,3
69,3
69,1
35,10
35,9
35,8
35,7
35,6
35,5
35,4
35,3
20,2
35,2
20,1
35,1
20,3
35,0
34,7
34,6
34,5
34,4
34,3
34,2
34,1
34,0
33,174
33,173
33,172
33,171
33,170
33,169
33,168
33,167
33,166
33,165
33,164
33,163
33,162
33,161
33,160
33,159
33,158
33,157
33,156
33,155
33,154
33,153
33,152
33,151
33,150
33,149
33,148
33,147
33,146
33,145
33,144
33,143
33,136
33,129
33,128
33,108
33,107
33,106
33,105
33,104
33,103
33,102
33,101
33,100
33,99
33,98
33,97
33,96
33,95
33,94
33,93
33,92
33,91
33,90
33,89
33,88
33,87
33,86
33,85
33,84
33,83
33,82
33,81
33,80
33,79
33,78
33,77
33,76
33,75
33,74
33,73
33,72
33,71
33,70
33,69
33,68
33,67
33,66
33,65
33,64
33,9
33,8
33,5
33,4
33,1
27,1
27,4
